# Makespan values for easy_backfill algorithm
# Number of jobs: 256, Number of machines: 8
# Format: simulation_number, makespan
1 1142.0
2 1147.0
3 1034.0
4 1163.0
5 1240.0
6 1176.0
7 1159.0
8 1172.0
9 1122.0
10 1120.0
11 1191.0
12 1127.0
13 1199.0
14 1170.0
15 1130.0
16 1135.0
17 1131.0
18 1203.0
19 1129.0
20 1128.0
21 1076.0
22 1179.0
23 1143.0
24 1124.0
25 1101.0
26 1069.0
27 1082.0
28 1145.0
29 1198.0
30 1166.0
31 1166.0
32 1223.0
33 1154.0
34 1102.0
35 1179.0
36 1269.0
37 1115.0
38 1166.0
39 1127.0
40 1136.0
41 1191.0
42 1133.0
43 1089.0
44 1107.0
45 1122.0
46 1118.0
47 1206.0
48 1161.0
49 1107.0
50 1116.0
51 1178.0
52 1089.0
53 1160.0
54 1129.0
55 1155.0
56 1089.0
57 1165.0
58 1112.0
59 1185.0
60 1183.0
61 1134.0
62 1110.0
63 1120.0
64 1157.0
65 1074.0
66 1126.0
67 1142.0
68 1120.0
69 1142.0
70 1206.0
71 1138.0
72 1088.0
73 1140.0
74 1152.0
75 1175.0
76 1120.0
77 1207.0
78 1113.0
79 1123.0
80 1146.0
81 1199.0
82 1106.0
83 1204.0
84 1117.0
85 1123.0
86 1139.0
87 1183.0
88 1169.0
89 1197.0
90 1170.0
91 1015.0
92 1251.0
93 1089.0
94 1190.0
95 1133.0
96 1134.0
97 1087.0
98 1155.0
99 1171.0
100 1259.0
101 1174.0
102 1135.0
103 1146.0
104 1099.0
105 1144.0
106 1185.0
107 1143.0
108 1209.0
109 1179.0
110 1131.0
111 1122.0
112 1298.0
113 1173.0
114 1129.0
115 1139.0
116 1099.0
117 1123.0
118 1212.0
119 1118.0
120 1154.0
121 1095.0
122 1069.0
123 1084.0
124 1181.0
125 1139.0
126 1123.0
127 1180.0
128 1174.0
129 1086.0
130 1087.0
131 1114.0
132 1124.0
133 1185.0
134 1105.0
135 1114.0
136 1062.0
137 1114.0
138 1211.0
139 1191.0
140 1176.0
141 1076.0
142 1208.0
143 1156.0
144 1110.0
145 1105.0
146 1109.0
147 1183.0
148 1200.0
149 1141.0
150 1169.0
151 1149.0
152 1204.0
153 1190.0
154 1141.0
155 1165.0
156 1160.0
157 1103.0
158 1163.0
159 1184.0
160 1183.0
161 1232.0
162 1186.0
163 1152.0
164 1127.0
165 1109.0
166 1098.0
167 1200.0
168 1175.0
169 1144.0
170 1275.0
171 1151.0
172 1124.0
173 1173.0
174 1142.0
175 1237.0
176 1176.0
177 1140.0
178 1152.0
179 1250.0
180 1072.0
181 1155.0
182 1116.0
183 1107.0
184 1129.0
185 1145.0
186 1102.0
187 1134.0
188 1105.0
189 1102.0
190 1139.0
191 1111.0
192 1113.0
193 1183.0
194 1091.0
195 1190.0
196 1110.0
197 1075.0
198 1148.0
199 1164.0
200 1230.0
201 1213.0
202 1109.0
203 1265.0
204 1177.0
205 1162.0
206 1165.0
207 1137.0
208 1212.0
209 1089.0
210 1157.0
211 1131.0
212 1345.0
213 1067.0
214 1159.0
215 1093.0
216 1265.0
217 1081.0
218 1167.0
219 1202.0
220 1111.0
221 1162.0
222 1171.0
223 1161.0
224 1216.0
225 1189.0
226 1214.0
227 1136.0
228 1139.0
229 1128.0
230 1160.0
231 1117.0
232 1116.0
233 1167.0
234 1129.0
235 1141.0
236 1139.0
237 1089.0
238 1186.0
239 1110.0
240 1096.0
241 1122.0
242 1198.0
243 1187.0
244 1114.0
245 1130.0
246 1172.0
247 1114.0
248 1225.0
249 1110.0
250 1204.0
251 1134.0
252 1177.0
253 1103.0
254 1140.0
255 1136.0
256 1165.0
257 1178.0
258 1224.0
259 1150.0
260 1142.0
261 1158.0
262 1153.0
263 1172.0
264 1156.0
265 1206.0
266 1093.0
267 1134.0
268 1058.0
269 1167.0
270 1105.0
271 1166.0
272 1121.0
273 1143.0
274 1083.0
275 1120.0
276 1072.0
277 1132.0
278 1194.0
279 1161.0
280 1103.0
281 1154.0
282 1049.0
283 1148.0
284 1099.0
285 1126.0
286 1178.0
287 1009.0
288 1179.0
289 1091.0
290 1145.0
291 1124.0
292 1127.0
293 1139.0
294 1125.0
295 1148.0
296 1154.0
297 1174.0
298 1079.0
299 1110.0
300 1149.0
301 1072.0
302 1135.0
303 1184.0
304 1086.0
305 1213.0
306 1095.0
307 1248.0
308 1240.0
309 1154.0
310 1112.0
311 1120.0
312 1131.0
313 1112.0
314 1161.0
315 1077.0
316 1164.0
317 1127.0
318 1171.0
319 1106.0
320 1162.0
321 1150.0
322 1219.0
323 1172.0
324 1181.0
325 1099.0
326 1131.0
327 1112.0
328 1076.0
329 1172.0
330 1131.0
331 1091.0
332 1223.0
333 1158.0
334 1174.0
335 1161.0
336 1144.0
337 1131.0
338 1190.0
339 1185.0
340 1140.0
341 1166.0
342 1102.0
343 1085.0
344 1154.0
345 1122.0
346 1110.0
347 1160.0
348 1127.0
349 1108.0
350 1106.0
351 1173.0
352 1133.0
353 1146.0
354 1042.0
355 1141.0
356 1111.0
357 1157.0
358 1178.0
359 1155.0
360 1162.0
361 1175.0
362 1148.0
363 1191.0
364 1138.0
365 1218.0
366 1125.0
367 1179.0
368 1089.0
369 1099.0
370 1163.0
371 1158.0
372 1167.0
373 1187.0
374 1138.0
375 1076.0
376 1141.0
377 1157.0
378 1109.0
379 1161.0
380 1183.0
381 1064.0
382 1091.0
383 1202.0
384 1216.0
385 1128.0
386 1050.0
387 1134.0
388 1219.0
389 1131.0
390 1077.0
391 1097.0
392 1113.0
393 1109.0
394 1208.0
395 1154.0
396 1134.0
397 1115.0
398 1144.0
399 1116.0
400 1134.0
401 1192.0
402 1172.0
403 1058.0
404 1144.0
405 1127.0
406 1159.0
407 1113.0
408 1151.0
409 1161.0
410 1191.0
411 1107.0
412 1139.0
413 1184.0
414 1140.0
415 1142.0
416 1124.0
417 1140.0
418 1093.0
419 1064.0
420 1139.0
421 1163.0
422 1122.0
423 1133.0
424 1125.0
425 1088.0
426 1238.0
427 1081.0
428 1161.0
429 1174.0
430 1166.0
431 1129.0
432 1153.0
433 1125.0
434 1165.0
435 1129.0
436 1121.0
437 1187.0
438 1179.0
439 1090.0
440 1151.0
441 1167.0
442 1127.0
443 1190.0
444 1248.0
445 1136.0
446 1118.0
447 1058.0
448 1135.0
449 1131.0
450 1132.0
451 1122.0
452 1124.0
453 1106.0
454 1094.0
455 1111.0
456 1107.0
457 1072.0
458 1133.0
459 1150.0
460 1169.0
461 1147.0
462 1142.0
463 1180.0
464 1098.0
465 1151.0
466 1163.0
467 1190.0
468 1074.0
469 1107.0
470 1129.0
471 1144.0
472 1224.0
473 1081.0
474 1210.0
475 1051.0
476 1199.0
477 1195.0
478 1141.0
479 1192.0
480 1146.0
481 1133.0
482 1146.0
483 1144.0
484 1127.0
485 1096.0
486 1143.0
487 1067.0
488 1086.0
489 1238.0
490 1149.0
491 1099.0
492 1140.0
493 1160.0
494 1169.0
495 1129.0
496 1079.0
497 1168.0
498 1204.0
499 1184.0
500 1193.0
501 1178.0
502 1156.0
503 1158.0
504 1177.0
505 1171.0
506 1128.0
507 1146.0
508 1127.0
509 1102.0
510 1133.0
511 1166.0
512 1126.0
