# Makespan values for force_cont algorithm
# Number of jobs: 256, Number of machines: 8
# Format: simulation_number, makespan
1 1164.0
2 1159.0
3 1066.0
4 1241.0
5 1256.0
6 1225.0
7 1207.0
8 1115.0
9 1121.0
10 1228.0
11 1198.0
12 1142.0
13 1207.0
14 1205.0
15 1162.0
16 1191.0
17 1157.0
18 1224.0
19 1113.0
20 1166.0
21 1128.0
22 1204.0
23 1184.0
24 1187.0
25 1126.0
26 1130.0
27 1118.0
28 1191.0
29 1190.0
30 1200.0
31 1235.0
32 1229.0
33 1220.0
34 1187.0
35 1233.0
36 1285.0
37 1164.0
38 1182.0
39 1149.0
40 1180.0
41 1241.0
42 1155.0
43 1140.0
44 1078.0
45 1134.0
46 1146.0
47 1280.0
48 1204.0
49 1167.0
50 1136.0
51 1216.0
52 1113.0
53 1238.0
54 1116.0
55 1188.0
56 1127.0
57 1223.0
58 1155.0
59 1199.0
60 1198.0
61 1157.0
62 1167.0
63 1159.0
64 1214.0
65 1160.0
66 1171.0
67 1226.0
68 1146.0
69 1180.0
70 1242.0
71 1179.0
72 1120.0
73 1160.0
74 1178.0
75 1192.0
76 1167.0
77 1233.0
78 1124.0
79 1161.0
80 1209.0
81 1226.0
82 1140.0
83 1234.0
84 1174.0
85 1169.0
86 1182.0
87 1236.0
88 1174.0
89 1221.0
90 1219.0
91 1041.0
92 1204.0
93 1134.0
94 1235.0
95 1200.0
96 1141.0
97 1151.0
98 1174.0
99 1200.0
100 446.0
101 1231.0
102 1178.0
103 1193.0
104 1125.0
105 1160.0
106 1188.0
107 1210.0
108 1235.0
109 1234.0
110 1162.0
111 1166.0
112 1276.0
113 1222.0
114 1156.0
115 1183.0
116 1158.0
117 1172.0
118 1228.0
119 1176.0
120 1202.0
121 1142.0
122 1118.0
123 1104.0
124 1199.0
125 1193.0
126 1162.0
127 1169.0
128 1208.0
129 1093.0
130 1102.0
131 1156.0
132 1136.0
133 1241.0
134 1152.0
135 1142.0
136 1112.0
137 1139.0
138 1236.0
139 1228.0
140 1237.0
141 68.0
142 1239.0
143 1172.0
144 1149.0
145 1161.0
146 1149.0
147 1208.0
148 1235.0
149 1145.0
150 1180.0
151 1182.0
152 1203.0
153 1179.0
154 1142.0
155 1179.0
156 1214.0
157 1156.0
158 1214.0
159 1211.0
160 1228.0
161 1175.0
162 1207.0
163 1172.0
164 1170.0
165 1147.0
166 1148.0
167 1231.0
168 1185.0
169 1203.0
170 1263.0
171 1184.0
172 1132.0
173 1209.0
174 1154.0
175 1217.0
176 1192.0
177 1217.0
178 1248.0
179 1284.0
180 1089.0
181 1198.0
182 1165.0
183 1109.0
184 1211.0
185 1173.0
186 1156.0
187 1181.0
188 1124.0
189 1139.0
190 1162.0
191 1158.0
192 1158.0
193 1276.0
194 1121.0
195 1233.0
196 1110.0
197 1110.0
198 1178.0
199 1215.0
200 1247.0
201 1258.0
202 1184.0
203 1243.0
204 1218.0
205 1187.0
206 1239.0
207 1162.0
208 1029.0
209 1089.0
210 1209.0
211 1160.0
212 1295.0
213 1122.0
214 1217.0
215 1103.0
216 1266.0
217 1139.0
218 1208.0
219 1234.0
220 1158.0
221 1250.0
222 1174.0
223 1210.0
224 1291.0
225 1221.0
226 1251.0
227 1149.0
228 1177.0
229 1152.0
230 1146.0
231 1181.0
232 1150.0
233 1204.0
234 1210.0
235 1212.0
236 1166.0
237 1136.0
238 1186.0
239 1178.0
240 1112.0
241 1129.0
242 1268.0
243 1209.0
244 1161.0
245 887.0
246 1249.0
247 1147.0
248 1256.0
249 1149.0
250 1292.0
251 1160.0
252 1188.0
253 1186.0
254 1208.0
255 1157.0
256 1215.0
257 1198.0
258 1252.0
259 1208.0
260 1172.0
261 1188.0
262 1190.0
263 1206.0
264 1191.0
265 1193.0
266 1138.0
267 1161.0
268 1100.0
269 1234.0
270 1121.0
271 1216.0
272 1171.0
273 1168.0
274 1145.0
275 1164.0
276 1072.0
277 1202.0
278 1219.0
279 1207.0
280 1140.0
281 1164.0
282 1101.0
283 1148.0
284 1156.0
285 1174.0
286 1242.0
287 1047.0
288 1188.0
289 1140.0
290 1176.0
291 1169.0
292 1149.0
293 1160.0
294 1152.0
295 1042.0
296 1147.0
297 1236.0
298 1147.0
299 1154.0
300 1183.0
301 1129.0
302 1169.0
303 1204.0
304 1105.0
305 1224.0
306 1144.0
307 1264.0
308 1229.0
309 1175.0
310 1144.0
311 1172.0
312 1158.0
313 988.0
314 1198.0
315 1106.0
316 1192.0
317 1138.0
318 1144.0
319 1106.0
320 885.0
321 1186.0
322 1255.0
323 1197.0
324 1223.0
325 1152.0
326 1167.0
327 1154.0
328 1107.0
329 1174.0
330 1148.0
331 1112.0
332 1244.0
333 1168.0
334 1195.0
335 1181.0
336 1246.0
337 1159.0
338 1254.0
339 1171.0
340 1197.0
341 1253.0
342 1110.0
343 1121.0
344 1195.0
345 1183.0
346 1198.0
347 1194.0
348 1152.0
349 1005.0
350 1129.0
351 1220.0
352 1161.0
353 1207.0
354 1109.0
355 1174.0
356 1118.0
357 1193.0
358 1213.0
359 1169.0
360 1205.0
361 1219.0
362 1148.0
363 1247.0
364 1215.0
365 1299.0
366 1147.0
367 1218.0
368 1120.0
369 1117.0
370 1158.0
371 1257.0
372 1192.0
373 373.0
374 1181.0
375 1103.0
376 1143.0
377 1175.0
378 1144.0
379 1248.0
380 1203.0
381 1138.0
382 926.0
383 1250.0
384 1222.0
385 1157.0
386 1081.0
387 1187.0
388 1236.0
389 1142.0
390 411.0
391 1153.0
392 1175.0
393 1135.0
394 1255.0
395 1226.0
396 1171.0
397 1190.0
398 1142.0
399 1161.0
400 1152.0
401 1133.0
402 1216.0
403 1096.0
404 1207.0
405 1167.0
406 1187.0
407 1136.0
408 1235.0
409 1175.0
410 1217.0
411 1131.0
412 1166.0
413 1193.0
414 1162.0
415 1164.0
416 1168.0
417 1190.0
418 1133.0
419 1131.0
420 1206.0
421 1195.0
422 1141.0
423 1163.0
424 1166.0
425 1114.0
426 1231.0
427 1112.0
428 1172.0
429 1229.0
430 1196.0
431 1208.0
432 1234.0
433 1166.0
434 1212.0
435 1198.0
436 1173.0
437 1231.0
438 1205.0
439 1131.0
440 1191.0
441 1234.0
442 1170.0
443 1246.0
444 1303.0
445 1197.0
446 1103.0
447 1108.0
448 1190.0
449 1161.0
450 1152.0
451 1215.0
452 1121.0
453 1154.0
454 1132.0
455 1152.0
456 1149.0
457 1139.0
458 1193.0
459 1150.0
460 1200.0
461 1159.0
462 1202.0
463 1199.0
464 1144.0
465 1164.0
466 1244.0
467 1252.0
468 1135.0
469 1158.0
470 1182.0
471 1191.0
472 1232.0
473 1118.0
474 1208.0
475 1094.0
476 1214.0
477 1190.0
478 1164.0
479 1255.0
480 1167.0
481 1169.0
482 1167.0
483 1149.0
484 1167.0
485 1140.0
486 1189.0
487 1125.0
488 1120.0
489 1238.0
490 1177.0
491 1152.0
492 1162.0
493 597.0
494 1191.0
495 1145.0
496 1127.0
497 1217.0
498 1278.0
499 1206.0
500 1221.0
501 1212.0
502 1201.0
503 1208.0
504 1172.0
505 1154.0
506 1160.0
507 1190.0
508 1140.0
509 1169.0
510 1192.0
511 1205.0
512 1137.0
