# Makespan values for best_cont algorithm
# Number of jobs: 128, Number of machines: 5
# Format: simulation_number, makespan
1 3046.0
2 1513.0
3 209.0
4 209.0
5 209.0
6 1320.0
7 1288.0
8 1598.0
9 1665.0
10 1373.0
11 1529.0
12 1432.0
13 1389.0
14 1526.0
15 1541.0
16 1541.0
17 1541.0
18 1378.0
19 1516.0
20 1421.0
21 1615.0
22 1481.0
23 1487.0
24 1429.0
25 718.0
26 740.0
27 1416.0
28 1482.0
29 1383.0
30 1351.0
31 1093.0
32 1474.0
33 1505.0
34 1505.0
35 1395.0
36 1467.0
37 1472.0
38 1472.0
39 1450.0
40 1457.0
41 1457.0
42 1448.0
43 1467.0
44 1561.0
45 1637.0
46 1510.0
47 1578.0
48 1480.0
49 1378.0
50 1302.0
51 1552.0
52 1562.0
53 1697.0
54 1704.0
55 1596.0
56 1363.0
57 1431.0
58 1530.0
59 1411.0
60 1423.0
61 1423.0
62 1375.0
63 1190.0
64 1329.0
65 1217.0
66 1463.0
67 1412.0
68 1412.0
69 1538.0
70 1618.0
71 1651.0
72 1333.0
73 1669.0
74 1678.0
75 1699.0
76 1342.0
77 1767.0
78 1809.0
79 1699.0
80 1674.0
81 1336.0
82 1371.0
83 1371.0
84 1371.0
85 1371.0
86 1371.0
87 1523.0
88 1523.0
89 1422.0
90 1439.0
91 1381.0
92 1383.0
93 1383.0
94 1320.0
95 1499.0
96 1303.0
97 1303.0
98 1489.0
99 1653.0
100 1204.0
101 1227.0
102 1482.0
103 1546.0
104 1459.0
105 1467.0
106 1393.0
107 1593.0
108 1554.0
109 1449.0
110 558.0
111 1447.0
112 1428.0
113 1440.0
114 1513.0
115 1691.0
116 1431.0
117 1524.0
118 1487.0
119 1328.0
120 1387.0
121 1387.0
122 1544.0
123 1440.0
124 1305.0
125 1367.0
126 1407.0
127 1507.0
128 1329.0
129 1523.0
130 1598.0
131 1507.0
132 1292.0
133 1524.0
134 1512.0
135 1446.0
136 1237.0
137 1237.0
138 1574.0
139 1597.0
140 1413.0
141 1335.0
142 1391.0
143 1366.0
144 1389.0
145 1578.0
146 1712.0
147 1676.0
148 211.0
149 1560.0
150 1470.0
151 1405.0
152 1423.0
153 1423.0
154 445.0
155 900.0
156 1422.0
157 1374.0
158 1513.0
159 1545.0
160 1545.0
161 1545.0
162 1545.0
163 1626.0
164 1597.0
165 1583.0
166 1434.0
167 1556.0
168 1382.0
169 1550.0
170 1304.0
171 1516.0
172 1573.0
173 802.0
174 1530.0
175 1634.0
176 1661.0
177 1483.0
178 1335.0
179 1325.0
180 1393.0
181 1457.0
182 1471.0
183 1664.0
184 1697.0
185 1697.0
186 1584.0
187 1466.0
188 1325.0
189 1438.0
190 1331.0
191 1303.0
192 1512.0
193 1633.0
194 1266.0
195 553.0
196 1491.0
197 1168.0
198 1356.0
199 1318.0
200 1426.0
201 1553.0
202 1336.0
203 1331.0
204 1346.0
205 1518.0
206 1328.0
207 1614.0
208 1620.0
209 1495.0
210 176.0
211 1553.0
212 1632.0
213 1656.0
214 1656.0
215 1177.0
216 1571.0
217 1483.0
218 1528.0
219 1528.0
220 1690.0
221 1395.0
222 1739.0
223 767.0
224 1347.0
225 1494.0
226 1617.0
227 1503.0
228 1526.0
229 1367.0
230 1299.0
231 1719.0
232 1357.0
233 1411.0
234 1411.0
235 1221.0
236 1380.0
237 1724.0
238 1724.0
239 1463.0
240 1428.0
241 1424.0
242 1541.0
243 1615.0
244 1433.0
245 1676.0
246 1276.0
247 1569.0
248 624.0
249 752.0
250 1502.0
251 1535.0
252 1580.0
253 1737.0
254 1737.0
255 1305.0
256 1506.0
