# Makespan values for force_cont algorithm
# Number of jobs: 128, Number of machines: 5
# Format: simulation_number, makespan
1 3046.0
2 209.0
3 209.0
4 209.0
5 209.0
6 1288.0
7 1288.0
8 1563.0
9 1616.0
10 268.0
11 1550.0
12 1439.0
13 1404.0
14 1541.0
15 1541.0
16 1541.0
17 1541.0
18 1391.0
19 1516.0
20 1484.0
21 1631.0
22 1487.0
23 1487.0
24 1411.0
25 740.0
26 740.0
27 1524.0
28 1483.0
29 1421.0
30 1356.0
31 1417.0
32 1532.0
33 1505.0
34 1505.0
35 1407.0
36 1472.0
37 1472.0
38 1472.0
39 1457.0
40 1457.0
41 1457.0
42 1448.0
43 1378.0
44 1561.0
45 1637.0
46 1578.0
47 1578.0
48 1628.0
49 1400.0
50 1371.0
51 1562.0
52 1562.0
53 1697.0
54 1704.0
55 1634.0
56 1399.0
57 1433.0
58 1502.0
59 1423.0
60 1423.0
61 1423.0
62 1190.0
63 1190.0
64 1338.0
65 1285.0
66 1466.0
67 1412.0
68 1412.0
69 1538.0
70 1651.0
71 1651.0
72 1322.0
73 1671.0
74 1699.0
75 1699.0
76 1385.0
77 1809.0
78 1809.0
79 1674.0
80 1674.0
81 1371.0
82 1371.0
83 1371.0
84 1371.0
85 1371.0
86 1371.0
87 1523.0
88 1523.0
89 1462.0
90 1351.0
91 1383.0
92 1383.0
93 1383.0
94 1388.0
95 1498.0
96 1303.0
97 1303.0
98 1398.0
99 1577.0
100 1227.0
101 1227.0
102 1481.0
103 1572.0
104 1467.0
105 1467.0
106 1404.0
107 1649.0
108 1689.0
109 1454.0
110 1404.0
111 1428.0
112 1428.0
113 1480.0
114 1691.0
115 1691.0
116 1415.0
117 1452.0
118 1522.0
119 1387.0
120 1387.0
121 1387.0
122 1544.0
123 1484.0
124 1319.0
125 1407.0
126 1407.0
127 1516.0
128 1335.0
129 1598.0
130 1598.0
131 1537.0
132 1366.0
133 1562.0
134 1491.0
135 1511.0
136 1237.0
137 1237.0
138 1597.0
139 1597.0
140 1456.0
141 1363.0
142 1406.0
143 1389.0
144 1389.0
145 1570.0
146 1676.0
147 1676.0
148 1746.0
149 1543.0
150 1502.0
151 1423.0
152 1423.0
153 1423.0
154 900.0
155 900.0
156 1430.0
157 1513.0
158 1513.0
159 1545.0
160 1545.0
161 1545.0
162 1545.0
163 1580.0
164 1583.0
165 1583.0
166 1430.0
167 1569.0
168 1403.0
169 1493.0
170 1342.0
171 1573.0
172 1573.0
173 802.0
174 1530.0
175 1661.0
176 1661.0
177 1518.0
178 1325.0
179 1325.0
180 1401.0
181 1471.0
182 1471.0
183 1697.0
184 1697.0
185 1697.0
186 1584.0
187 1408.0
188 1345.0
189 1453.0
190 1502.0
191 273.0
192 1526.0
193 1505.0
194 1266.0
195 1491.0
196 1491.0
197 1356.0
198 1356.0
199 1349.0
200 1426.0
201 1566.0
202 1337.0
203 1346.0
204 1346.0
205 1518.0
206 1344.0
207 1620.0
208 1620.0
209 1495.0
210 1511.0
211 1516.0
212 1656.0
213 1656.0
214 1656.0
215 1209.0
216 1685.0
217 1528.0
218 1528.0
219 1528.0
220 1693.0
221 1488.0
222 1739.0
223 784.0
224 1299.0
225 1496.0
226 1624.0
227 1526.0
228 1526.0
229 1409.0
230 1327.0
231 1782.0
232 1411.0
233 1411.0
234 1411.0
235 1254.0
236 1452.0
237 1724.0
238 1724.0
239 1508.0
240 1424.0
241 1424.0
242 1648.0
243 1648.0
244 1435.0
245 1676.0
246 1332.0
247 1599.0
248 1268.0
249 1587.0
250 1535.0
251 1535.0
252 1737.0
253 1737.0
254 1737.0
255 1312.0
256 1594.0
