# Backfill values for basic algorithm
# Number of jobs: 256, Number of machines: 8
# Format: simulation_number, total_backfills, contiguous_backfills, non_contiguous_backfills
1 (145, 127, 18)
2 (108, 86, 22)
3 (150, 114, 36)
4 (138, 127, 11)
5 (151, 146, 5)
6 (140, 127, 13)
7 (140, 123, 17)
8 (142, 100, 42)
9 (96, 86, 10)
10 (158, 95, 63)
11 (139, 108, 31)
12 (149, 125, 24)
13 (138, 121, 17)
14 (139, 109, 30)
15 (144, 107, 37)
16 (150, 132, 18)
17 (149, 134, 15)
18 (141, 110, 31)
19 (145, 129, 16)
20 (148, 135, 13)
21 (141, 109, 32)
22 (128, 88, 40)
23 (144, 99, 45)
24 (132, 114, 18)
25 (160, 140, 20)
26 (164, 136, 28)
27 (149, 127, 22)
28 (138, 127, 11)
29 (147, 113, 34)
30 (141, 115, 26)
31 (145, 105, 40)
32 (157, 122, 35)
33 (134, 90, 44)
34 (149, 102, 47)
35 (142, 134, 8)
36 (129, 107, 22)
37 (156, 115, 41)
38 (165, 123, 42)
39 (139, 121, 18)
40 (141, 122, 19)
41 (128, 101, 27)
42 (139, 118, 21)
43 (145, 121, 24)
44 (150, 114, 36)
45 (145, 123, 22)
46 (162, 140, 22)
47 (138, 104, 34)
48 (125, 104, 21)
49 (156, 129, 27)
50 (134, 123, 11)
51 (146, 131, 15)
52 (144, 96, 48)
53 (150, 141, 9)
54 (135, 120, 15)
55 (144, 143, 1)
56 (161, 108, 53)
57 (139, 128, 11)
58 (153, 137, 16)
59 (125, 102, 23)
60 (159, 135, 24)
61 (153, 128, 25)
62 (125, 115, 10)
63 (165, 120, 45)
64 (154, 107, 47)
65 (133, 120, 13)
66 (143, 115, 28)
67 (153, 117, 36)
68 (146, 123, 23)
69 (151, 147, 4)
70 (141, 115, 26)
71 (142, 119, 23)
72 (152, 144, 8)
73 (144, 137, 7)
74 (137, 123, 14)
75 (138, 102, 36)
76 (157, 132, 25)
77 (132, 113, 19)
78 (153, 115, 38)
79 (160, 146, 14)
80 (147, 118, 29)
81 (138, 137, 1)
82 (146, 138, 8)
83 (147, 128, 19)
84 (158, 140, 18)
85 (160, 143, 17)
86 (146, 130, 16)
87 (132, 99, 33)
88 (154, 108, 46)
89 (142, 132, 10)
90 (138, 110, 28)
91 (146, 134, 12)
92 (141, 122, 19)
93 (148, 141, 7)
94 (148, 133, 15)
95 (140, 106, 34)
96 (144, 128, 16)
97 (141, 121, 20)
98 (152, 126, 26)
99 (137, 117, 20)
100 (148, 143, 5)
101 (139, 129, 10)
102 (134, 124, 10)
103 (144, 128, 16)
104 (150, 97, 53)
105 (129, 122, 7)
106 (140, 117, 23)
107 (151, 129, 22)
108 (147, 101, 46)
109 (148, 124, 24)
110 (139, 93, 46)
111 (149, 139, 10)
112 (140, 121, 19)
113 (147, 138, 9)
114 (145, 145, 0)
115 (144, 142, 2)
116 (142, 109, 33)
117 (158, 147, 11)
118 (136, 116, 20)
119 (146, 139, 7)
120 (136, 116, 20)
121 (153, 124, 29)
122 (163, 135, 28)
123 (148, 107, 41)
124 (155, 126, 29)
125 (143, 120, 23)
126 (148, 119, 29)
127 (164, 158, 6)
128 (156, 133, 23)
129 (142, 120, 22)
130 (142, 133, 9)
131 (136, 116, 20)
132 (156, 106, 50)
133 (122, 108, 14)
134 (142, 130, 12)
135 (142, 116, 26)
136 (150, 132, 18)
137 (142, 93, 49)
138 (143, 110, 33)
139 (136, 123, 13)
140 (129, 127, 2)
141 (133, 117, 16)
142 (133, 117, 16)
143 (138, 119, 19)
144 (133, 127, 6)
145 (157, 122, 35)
146 (133, 122, 11)
147 (128, 114, 14)
148 (142, 139, 3)
149 (131, 119, 12)
150 (136, 108, 28)
151 (135, 120, 15)
152 (147, 89, 58)
153 (147, 101, 46)
154 (158, 139, 19)
155 (156, 101, 55)
156 (154, 104, 50)
157 (155, 128, 27)
158 (138, 131, 7)
159 (142, 124, 18)
160 (144, 135, 9)
161 (147, 104, 43)
162 (136, 121, 15)
163 (136, 130, 6)
164 (151, 124, 27)
165 (155, 118, 37)
166 (138, 127, 11)
167 (149, 99, 50)
168 (148, 121, 27)
169 (146, 110, 36)
170 (138, 106, 32)
171 (128, 102, 26)
172 (144, 115, 29)
173 (129, 118, 11)
174 (139, 133, 6)
175 (147, 141, 6)
176 (146, 115, 31)
177 (137, 114, 23)
178 (149, 121, 28)
179 (130, 105, 25)
180 (136, 122, 14)
181 (141, 119, 22)
182 (147, 134, 13)
183 (132, 118, 14)
184 (142, 125, 17)
185 (159, 137, 22)
186 (149, 146, 3)
187 (139, 94, 45)
188 (153, 128, 25)
189 (142, 136, 6)
190 (154, 145, 9)
191 (148, 92, 56)
192 (146, 118, 28)
193 (130, 112, 18)
194 (141, 119, 22)
195 (142, 134, 8)
196 (140, 128, 12)
197 (138, 116, 22)
198 (155, 124, 31)
199 (143, 120, 23)
200 (148, 139, 9)
201 (136, 114, 22)
202 (161, 136, 25)
203 (131, 120, 11)
204 (144, 98, 46)
205 (161, 144, 17)
206 (128, 105, 23)
207 (145, 117, 28)
208 (139, 126, 13)
209 (126, 123, 3)
210 (135, 124, 11)
211 (145, 125, 20)
212 (144, 117, 27)
213 (154, 117, 37)
214 (135, 125, 10)
215 (146, 131, 15)
216 (149, 127, 22)
217 (145, 127, 18)
218 (133, 118, 15)
219 (159, 153, 6)
220 (148, 119, 29)
221 (145, 133, 12)
222 (135, 118, 17)
223 (134, 134, 0)
224 (134, 131, 3)
225 (136, 100, 36)
226 (150, 133, 17)
227 (150, 139, 11)
228 (142, 126, 16)
229 (153, 122, 31)
230 (149, 121, 28)
231 (154, 144, 10)
232 (156, 104, 52)
233 (134, 134, 0)
234 (150, 125, 25)
235 (123, 100, 23)
236 (148, 134, 14)
237 (146, 129, 17)
238 (151, 121, 30)
239 (147, 131, 16)
240 (135, 126, 9)
241 (153, 153, 0)
242 (126, 111, 15)
243 (155, 145, 10)
244 (155, 155, 0)
245 (134, 111, 23)
246 (139, 90, 49)
247 (150, 137, 13)
248 (148, 102, 46)
249 (151, 134, 17)
250 (140, 126, 14)
251 (123, 117, 6)
252 (156, 129, 27)
253 (140, 133, 7)
254 (139, 132, 7)
255 (143, 115, 28)
256 (140, 130, 10)
257 (147, 133, 14)
258 (143, 130, 13)
259 (133, 118, 15)
260 (51, 44, 7)
261 (145, 139, 6)
262 (139, 122, 17)
263 (145, 121, 24)
264 (134, 97, 37)
265 (150, 104, 46)
266 (145, 115, 30)
267 (145, 107, 38)
268 (147, 118, 29)
269 (138, 132, 6)
270 (144, 127, 17)
271 (132, 120, 12)
272 (147, 121, 26)
273 (137, 116, 21)
274 (145, 112, 33)
275 (141, 121, 20)
276 (134, 125, 9)
277 (149, 121, 28)
278 (156, 117, 39)
279 (145, 109, 36)
280 (130, 125, 5)
281 (147, 146, 1)
282 (162, 160, 2)
283 (3, 3, 0)
284 (151, 144, 7)
285 (138, 116, 22)
286 (148, 146, 2)
287 (50, 49, 1)
288 (122, 104, 18)
289 (159, 135, 24)
290 (154, 124, 30)
291 (143, 140, 3)
292 (154, 127, 27)
293 (137, 108, 29)
294 (151, 110, 41)
295 (137, 106, 31)
296 (148, 138, 10)
297 (143, 110, 33)
298 (162, 105, 57)
299 (140, 124, 16)
300 (150, 134, 16)
301 (137, 120, 17)
302 (151, 139, 12)
303 (144, 129, 15)
304 (149, 146, 3)
305 (145, 122, 23)
306 (146, 117, 29)
307 (138, 106, 32)
308 (139, 132, 7)
309 (140, 132, 8)
310 (141, 132, 9)
311 (131, 127, 4)
312 (139, 120, 19)
313 (143, 119, 24)
314 (132, 107, 25)
315 (149, 146, 3)
316 (140, 106, 34)
317 (159, 131, 28)
318 (158, 120, 38)
319 (138, 134, 4)
320 (138, 118, 20)
321 (145, 111, 34)
322 (141, 132, 9)
323 (148, 139, 9)
324 (142, 136, 6)
325 (147, 117, 30)
326 (155, 139, 16)
327 (143, 123, 20)
328 (139, 138, 1)
329 (147, 128, 19)
330 (146, 124, 22)
331 (150, 112, 38)
332 (137, 117, 20)
333 (120, 111, 9)
334 (139, 108, 31)
335 (142, 120, 22)
336 (144, 135, 9)
337 (130, 119, 11)
338 (146, 110, 36)
339 (131, 119, 12)
340 (152, 111, 41)
341 (127, 118, 9)
342 (154, 146, 8)
343 (153, 135, 18)
344 (152, 128, 24)
345 (152, 139, 13)
346 (156, 91, 65)
347 (150, 149, 1)
348 (147, 107, 40)
349 (152, 118, 34)
350 (143, 127, 16)
351 (137, 128, 9)
352 (132, 125, 7)
353 (159, 138, 21)
354 (157, 139, 18)
355 (145, 131, 14)
356 (157, 123, 34)
357 (141, 106, 35)
358 (145, 92, 53)
359 (161, 123, 38)
360 (154, 135, 19)
361 (144, 128, 16)
362 (134, 125, 9)
363 (133, 117, 16)
364 (161, 139, 22)
365 (140, 103, 37)
366 (139, 118, 21)
367 (154, 129, 25)
368 (156, 108, 48)
369 (152, 130, 22)
370 (141, 138, 3)
371 (139, 123, 16)
372 (157, 124, 33)
373 (142, 109, 33)
374 (152, 144, 8)
375 (141, 129, 12)
376 (158, 145, 13)
377 (154, 124, 30)
378 (148, 126, 22)
379 (155, 111, 44)
380 (126, 110, 16)
381 (151, 129, 22)
382 (131, 126, 5)
383 (138, 130, 8)
384 (148, 130, 18)
385 (157, 143, 14)
386 (160, 134, 26)
387 (145, 126, 19)
388 (155, 133, 22)
389 (141, 122, 19)
390 (147, 131, 16)
391 (154, 128, 26)
392 (140, 127, 13)
393 (149, 140, 9)
394 (154, 126, 28)
395 (146, 144, 2)
396 (150, 148, 2)
397 (142, 96, 46)
398 (153, 127, 26)
399 (151, 136, 15)
400 (138, 125, 13)
401 (143, 135, 8)
402 (150, 118, 32)
403 (151, 134, 17)
404 (146, 135, 11)
405 (148, 130, 18)
406 (147, 122, 25)
407 (141, 123, 18)
408 (143, 134, 9)
409 (157, 121, 36)
410 (140, 113, 27)
411 (130, 106, 24)
412 (143, 123, 20)
413 (147, 115, 32)
414 (151, 112, 39)
415 (142, 114, 28)
416 (152, 131, 21)
417 (156, 152, 4)
418 (147, 114, 33)
419 (151, 125, 26)
420 (124, 120, 4)
421 (139, 107, 32)
422 (140, 110, 30)
423 (139, 122, 17)
424 (147, 121, 26)
425 (162, 132, 30)
426 (153, 141, 12)
427 (146, 142, 4)
428 (152, 143, 9)
429 (138, 97, 41)
430 (138, 130, 8)
431 (132, 90, 42)
432 (163, 139, 24)
433 (136, 118, 18)
434 (154, 122, 32)
435 (157, 111, 46)
436 (144, 132, 12)
437 (139, 122, 17)
438 (139, 126, 13)
439 (147, 133, 14)
440 (146, 132, 14)
441 (136, 114, 22)
442 (159, 146, 13)
443 (143, 120, 23)
444 (153, 130, 23)
445 (131, 106, 25)
446 (150, 105, 45)
447 (149, 124, 25)
448 (141, 132, 9)
449 (159, 150, 9)
450 (149, 135, 14)
451 (149, 140, 9)
452 (155, 115, 40)
453 (153, 128, 25)
454 (148, 129, 19)
455 (149, 114, 35)
456 (144, 123, 21)
457 (145, 128, 17)
458 (157, 153, 4)
459 (131, 125, 6)
460 (131, 94, 37)
461 (153, 124, 29)
462 (143, 127, 16)
463 (141, 104, 37)
464 (146, 111, 35)
465 (150, 117, 33)
466 (148, 121, 27)
467 (120, 108, 12)
468 (153, 131, 22)
469 (156, 116, 40)
470 (143, 138, 5)
471 (123, 119, 4)
472 (151, 123, 28)
473 (154, 135, 19)
474 (121, 107, 14)
475 (136, 131, 5)
476 (131, 93, 38)
477 (143, 128, 15)
478 (144, 124, 20)
479 (146, 131, 15)
480 (140, 127, 13)
481 (151, 135, 16)
482 (145, 118, 27)
483 (136, 122, 14)
484 (146, 126, 20)
485 (160, 135, 25)
486 (140, 106, 34)
487 (159, 134, 25)
488 (148, 111, 37)
489 (138, 111, 27)
490 (125, 96, 29)
491 (156, 120, 36)
492 (147, 141, 6)
493 (148, 116, 32)
494 (141, 125, 16)
495 (149, 123, 26)
496 (150, 116, 34)
497 (151, 133, 18)
498 (123, 77, 46)
499 (134, 118, 16)
500 (143, 127, 16)
501 (142, 111, 31)
502 (135, 126, 9)
503 (139, 123, 16)
504 (134, 128, 6)
505 (150, 125, 25)
506 (141, 136, 5)
507 (141, 115, 26)
508 (140, 134, 6)
509 (138, 121, 17)
510 (155, 141, 14)
511 (144, 129, 15)
512 (134, 121, 13)
