# Backfill values for easy_backfill algorithm
# Number of jobs: 256, Number of machines: 8
# Format: simulation_number, total_backfills, contiguous_backfills, non_contiguous_backfills
1 (145, 127, 18)
2 (138, 104, 34)
3 (150, 114, 36)
4 (138, 127, 11)
5 (151, 146, 5)
6 (140, 128, 12)
7 (140, 123, 17)
8 (142, 101, 41)
9 (156, 131, 25)
10 (158, 96, 62)
11 (139, 108, 31)
12 (149, 125, 24)
13 (138, 121, 17)
14 (139, 110, 29)
15 (144, 108, 36)
16 (150, 135, 15)
17 (149, 135, 14)
18 (141, 111, 30)
19 (145, 129, 16)
20 (148, 137, 11)
21 (141, 113, 28)
22 (128, 88, 40)
23 (144, 105, 39)
24 (132, 114, 18)
25 (160, 142, 18)
26 (164, 138, 26)
27 (149, 127, 22)
28 (138, 129, 9)
29 (147, 113, 34)
30 (141, 116, 25)
31 (145, 109, 36)
32 (157, 122, 35)
33 (134, 91, 43)
34 (149, 104, 45)
35 (142, 134, 8)
36 (129, 107, 22)
37 (156, 117, 39)
38 (165, 126, 39)
39 (139, 122, 17)
40 (141, 123, 18)
41 (128, 102, 26)
42 (139, 118, 21)
43 (145, 121, 24)
44 (150, 115, 35)
45 (145, 123, 22)
46 (162, 142, 20)
47 (138, 106, 32)
48 (125, 108, 17)
49 (156, 131, 25)
50 (134, 123, 11)
51 (146, 133, 13)
52 (144, 97, 47)
53 (150, 141, 9)
54 (135, 120, 15)
55 (144, 143, 1)
56 (161, 112, 49)
57 (139, 128, 11)
58 (153, 141, 12)
59 (125, 103, 22)
60 (159, 135, 24)
61 (153, 128, 25)
62 (125, 115, 10)
63 (165, 121, 44)
64 (154, 112, 42)
65 (133, 120, 13)
66 (143, 121, 22)
67 (153, 119, 34)
68 (146, 125, 21)
69 (151, 147, 4)
70 (141, 115, 26)
71 (142, 119, 23)
72 (152, 145, 7)
73 (144, 138, 6)
74 (137, 123, 14)
75 (138, 103, 35)
76 (157, 135, 22)
77 (132, 114, 18)
78 (153, 116, 37)
79 (160, 146, 14)
80 (147, 118, 29)
81 (138, 137, 1)
82 (146, 138, 8)
83 (147, 128, 19)
84 (158, 140, 18)
85 (160, 143, 17)
86 (146, 130, 16)
87 (132, 100, 32)
88 (154, 114, 40)
89 (142, 132, 10)
90 (138, 113, 25)
91 (146, 136, 10)
92 (141, 124, 17)
93 (148, 141, 7)
94 (148, 133, 15)
95 (140, 106, 34)
96 (144, 128, 16)
97 (141, 121, 20)
98 (152, 130, 22)
99 (137, 119, 18)
100 (148, 144, 4)
101 (139, 129, 10)
102 (134, 124, 10)
103 (144, 131, 13)
104 (150, 103, 47)
105 (129, 122, 7)
106 (140, 118, 22)
107 (151, 129, 22)
108 (147, 102, 45)
109 (148, 124, 24)
110 (139, 94, 45)
111 (149, 139, 10)
112 (140, 121, 19)
113 (147, 138, 9)
114 (145, 145, 0)
115 (144, 142, 2)
116 (142, 115, 27)
117 (158, 147, 11)
118 (136, 116, 20)
119 (146, 140, 6)
120 (136, 116, 20)
121 (153, 125, 28)
122 (163, 138, 25)
123 (148, 111, 37)
124 (155, 126, 29)
125 (143, 120, 23)
126 (148, 122, 26)
127 (164, 159, 5)
128 (156, 134, 22)
129 (142, 123, 19)
130 (142, 134, 8)
131 (136, 117, 19)
132 (156, 108, 48)
133 (122, 109, 13)
134 (142, 134, 8)
135 (142, 118, 24)
136 (150, 133, 17)
137 (142, 93, 49)
138 (143, 112, 31)
139 (136, 123, 13)
140 (129, 127, 2)
141 (133, 119, 14)
142 (133, 118, 15)
143 (138, 121, 17)
144 (133, 127, 6)
145 (157, 123, 34)
146 (133, 122, 11)
147 (128, 114, 14)
148 (142, 139, 3)
149 (131, 123, 8)
150 (136, 114, 22)
151 (135, 121, 14)
152 (147, 91, 56)
153 (147, 105, 42)
154 (158, 144, 14)
155 (156, 104, 52)
156 (154, 104, 50)
157 (155, 129, 26)
158 (138, 131, 7)
159 (142, 129, 13)
160 (144, 135, 9)
161 (147, 105, 42)
162 (136, 121, 15)
163 (136, 131, 5)
164 (151, 124, 27)
165 (155, 123, 32)
166 (138, 127, 11)
167 (149, 103, 46)
168 (148, 122, 26)
169 (146, 110, 36)
170 (138, 108, 30)
171 (128, 107, 21)
172 (144, 116, 28)
173 (129, 118, 11)
174 (139, 134, 5)
175 (147, 142, 5)
176 (146, 118, 28)
177 (137, 114, 23)
178 (149, 121, 28)
179 (130, 109, 21)
180 (136, 123, 13)
181 (141, 120, 21)
182 (147, 135, 12)
183 (132, 119, 13)
184 (142, 125, 17)
185 (159, 140, 19)
186 (149, 146, 3)
187 (139, 98, 41)
188 (153, 130, 23)
189 (142, 136, 6)
190 (154, 146, 8)
191 (148, 98, 50)
192 (146, 123, 23)
193 (130, 112, 18)
194 (141, 121, 20)
195 (142, 134, 8)
196 (140, 129, 11)
197 (138, 121, 17)
198 (155, 125, 30)
199 (143, 122, 21)
200 (148, 139, 9)
201 (136, 119, 17)
202 (161, 138, 23)
203 (131, 120, 11)
204 (144, 104, 40)
205 (161, 144, 17)
206 (128, 106, 22)
207 (145, 118, 27)
208 (139, 127, 12)
209 (126, 123, 3)
210 (135, 126, 9)
211 (145, 125, 20)
212 (144, 119, 25)
213 (154, 120, 34)
214 (135, 125, 10)
215 (146, 132, 14)
216 (149, 130, 19)
217 (145, 128, 17)
218 (133, 118, 15)
219 (159, 153, 6)
220 (148, 123, 25)
221 (145, 133, 12)
222 (135, 120, 15)
223 (134, 134, 0)
224 (134, 131, 3)
225 (136, 102, 34)
226 (150, 137, 13)
227 (150, 139, 11)
228 (142, 126, 16)
229 (153, 124, 29)
230 (149, 122, 27)
231 (154, 145, 9)
232 (156, 105, 51)
233 (134, 134, 0)
234 (150, 126, 24)
235 (136, 115, 21)
236 (148, 136, 12)
237 (146, 130, 16)
238 (151, 124, 27)
239 (147, 133, 14)
240 (135, 127, 8)
241 (153, 153, 0)
242 (126, 112, 14)
243 (155, 147, 8)
244 (155, 155, 0)
245 (134, 111, 23)
246 (139, 94, 45)
247 (150, 139, 11)
248 (148, 107, 41)
249 (151, 137, 14)
250 (140, 127, 13)
251 (123, 117, 6)
252 (156, 129, 27)
253 (140, 133, 7)
254 (139, 132, 7)
255 (143, 116, 27)
256 (140, 133, 7)
257 (147, 133, 14)
258 (143, 132, 11)
259 (133, 118, 15)
260 (145, 112, 33)
261 (145, 141, 4)
262 (139, 122, 17)
263 (145, 122, 23)
264 (134, 103, 31)
265 (150, 104, 46)
266 (145, 117, 28)
267 (145, 114, 31)
268 (147, 119, 28)
269 (138, 133, 5)
270 (144, 129, 15)
271 (132, 120, 12)
272 (147, 123, 24)
273 (137, 117, 20)
274 (145, 117, 28)
275 (141, 122, 19)
276 (134, 125, 9)
277 (149, 123, 26)
278 (156, 119, 37)
279 (145, 113, 32)
280 (130, 125, 5)
281 (147, 147, 0)
282 (162, 160, 2)
283 (140, 121, 19)
284 (151, 145, 6)
285 (138, 117, 21)
286 (148, 146, 2)
287 (146, 135, 11)
288 (122, 106, 16)
289 (159, 135, 24)
290 (154, 126, 28)
291 (143, 140, 3)
292 (154, 128, 26)
293 (137, 111, 26)
294 (151, 110, 41)
295 (137, 107, 30)
296 (148, 140, 8)
297 (143, 110, 33)
298 (162, 111, 51)
299 (140, 124, 16)
300 (150, 135, 15)
301 (137, 122, 15)
302 (151, 139, 12)
303 (144, 132, 12)
304 (149, 146, 3)
305 (145, 123, 22)
306 (146, 117, 29)
307 (138, 106, 32)
308 (139, 132, 7)
309 (140, 134, 6)
310 (141, 133, 8)
311 (131, 127, 4)
312 (139, 123, 16)
313 (143, 120, 23)
314 (132, 109, 23)
315 (149, 146, 3)
316 (140, 116, 24)
317 (159, 132, 27)
318 (158, 125, 33)
319 (138, 134, 4)
320 (138, 119, 19)
321 (145, 117, 28)
322 (141, 132, 9)
323 (148, 139, 9)
324 (142, 137, 5)
325 (147, 118, 29)
326 (155, 140, 15)
327 (143, 123, 20)
328 (139, 138, 1)
329 (147, 128, 19)
330 (146, 125, 21)
331 (150, 116, 34)
332 (137, 119, 18)
333 (120, 112, 8)
334 (139, 109, 30)
335 (142, 120, 22)
336 (144, 135, 9)
337 (130, 122, 8)
338 (146, 112, 34)
339 (131, 119, 12)
340 (152, 111, 41)
341 (127, 118, 9)
342 (154, 149, 5)
343 (153, 136, 17)
344 (152, 128, 24)
345 (152, 141, 11)
346 (156, 94, 62)
347 (150, 149, 1)
348 (147, 108, 39)
349 (152, 121, 31)
350 (143, 130, 13)
351 (137, 128, 9)
352 (132, 125, 7)
353 (159, 141, 18)
354 (157, 144, 13)
355 (145, 132, 13)
356 (157, 124, 33)
357 (141, 116, 25)
358 (145, 100, 45)
359 (161, 126, 35)
360 (154, 135, 19)
361 (144, 128, 16)
362 (134, 126, 8)
363 (133, 117, 16)
364 (161, 139, 22)
365 (140, 105, 35)
366 (139, 118, 21)
367 (154, 129, 25)
368 (156, 108, 48)
369 (152, 130, 22)
370 (141, 138, 3)
371 (139, 125, 14)
372 (157, 126, 31)
373 (142, 110, 32)
374 (152, 144, 8)
375 (141, 129, 12)
376 (158, 145, 13)
377 (154, 126, 28)
378 (148, 127, 21)
379 (155, 114, 41)
380 (126, 110, 16)
381 (151, 130, 21)
382 (131, 126, 5)
383 (138, 130, 8)
384 (148, 131, 17)
385 (157, 146, 11)
386 (160, 136, 24)
387 (145, 126, 19)
388 (155, 135, 20)
389 (141, 124, 17)
390 (147, 132, 15)
391 (154, 132, 22)
392 (140, 129, 11)
393 (149, 141, 8)
394 (154, 127, 27)
395 (146, 144, 2)
396 (150, 148, 2)
397 (142, 96, 46)
398 (153, 136, 17)
399 (151, 141, 10)
400 (138, 125, 13)
401 (143, 137, 6)
402 (150, 119, 31)
403 (151, 135, 16)
404 (146, 135, 11)
405 (148, 130, 18)
406 (147, 123, 24)
407 (141, 124, 17)
408 (143, 134, 9)
409 (157, 121, 36)
410 (140, 113, 27)
411 (130, 107, 23)
412 (143, 123, 20)
413 (147, 116, 31)
414 (151, 113, 38)
415 (142, 117, 25)
416 (152, 134, 18)
417 (156, 152, 4)
418 (147, 116, 31)
419 (151, 125, 26)
420 (124, 121, 3)
421 (139, 110, 29)
422 (140, 110, 30)
423 (139, 122, 17)
424 (147, 121, 26)
425 (162, 135, 27)
426 (153, 142, 11)
427 (146, 142, 4)
428 (152, 145, 7)
429 (138, 98, 40)
430 (138, 130, 8)
431 (132, 92, 40)
432 (163, 141, 22)
433 (136, 119, 17)
434 (154, 124, 30)
435 (157, 112, 45)
436 (144, 133, 11)
437 (139, 122, 17)
438 (139, 128, 11)
439 (147, 133, 14)
440 (146, 133, 13)
441 (136, 115, 21)
442 (159, 149, 10)
443 (143, 124, 19)
444 (153, 131, 22)
445 (131, 107, 24)
446 (150, 106, 44)
447 (149, 128, 21)
448 (141, 134, 7)
449 (159, 150, 9)
450 (149, 135, 14)
451 (149, 141, 8)
452 (155, 118, 37)
453 (153, 133, 20)
454 (148, 129, 19)
455 (149, 118, 31)
456 (144, 123, 21)
457 (145, 132, 13)
458 (157, 153, 4)
459 (131, 125, 6)
460 (131, 94, 37)
461 (153, 124, 29)
462 (143, 127, 16)
463 (141, 105, 36)
464 (146, 114, 32)
465 (150, 117, 33)
466 (148, 123, 25)
467 (120, 108, 12)
468 (153, 131, 22)
469 (156, 119, 37)
470 (143, 138, 5)
471 (123, 119, 4)
472 (151, 126, 25)
473 (154, 135, 19)
474 (121, 109, 12)
475 (136, 132, 4)
476 (131, 96, 35)
477 (143, 130, 13)
478 (144, 125, 19)
479 (146, 132, 14)
480 (140, 128, 12)
481 (151, 136, 15)
482 (145, 122, 23)
483 (136, 125, 11)
484 (146, 130, 16)
485 (160, 136, 24)
486 (140, 107, 33)
487 (159, 134, 25)
488 (148, 115, 33)
489 (138, 111, 27)
490 (125, 97, 28)
491 (156, 128, 28)
492 (147, 143, 4)
493 (148, 119, 29)
494 (141, 127, 14)
495 (149, 123, 26)
496 (150, 120, 30)
497 (151, 134, 17)
498 (123, 78, 45)
499 (134, 118, 16)
500 (143, 129, 14)
501 (142, 112, 30)
502 (135, 126, 9)
503 (139, 123, 16)
504 (134, 128, 6)
505 (150, 128, 22)
506 (141, 136, 5)
507 (141, 118, 23)
508 (140, 135, 5)
509 (138, 121, 17)
510 (155, 145, 10)
511 (144, 129, 15)
512 (134, 122, 12)
