# Backfill values for force_cont algorithm
# Number of jobs: 256, Number of machines: 8
# Format: simulation_number, total_backfills, contiguous_backfills, non_contiguous_backfills
1 (146, 146, 0)
2 (140, 140, 0)
3 (147, 147, 0)
4 (127, 127, 0)
5 (132, 132, 0)
6 (137, 137, 0)
7 (128, 128, 0)
8 (112, 112, 0)
9 (155, 155, 0)
10 (141, 141, 0)
11 (142, 142, 0)
12 (152, 152, 0)
13 (130, 130, 0)
14 (140, 140, 0)
15 (132, 132, 0)
16 (124, 124, 0)
17 (147, 147, 0)
18 (140, 140, 0)
19 (145, 145, 0)
20 (143, 143, 0)
21 (133, 133, 0)
22 (125, 125, 0)
23 (139, 139, 0)
24 (147, 147, 0)
25 (143, 143, 0)
26 (145, 145, 0)
27 (154, 154, 0)
28 (119, 119, 0)
29 (135, 135, 0)
30 (146, 146, 0)
31 (126, 126, 0)
32 (127, 127, 0)
33 (119, 119, 0)
34 (148, 148, 0)
35 (143, 143, 0)
36 (117, 117, 0)
37 (132, 132, 0)
38 (146, 146, 0)
39 (148, 148, 0)
40 (134, 134, 0)
41 (127, 127, 0)
42 (144, 144, 0)
43 (119, 119, 0)
44 (149, 149, 0)
45 (139, 139, 0)
46 (155, 155, 0)
47 (119, 119, 0)
48 (136, 136, 0)
49 (133, 133, 0)
50 (141, 141, 0)
51 (135, 135, 0)
52 (145, 145, 0)
53 (120, 120, 0)
54 (137, 137, 0)
55 (143, 143, 0)
56 (148, 148, 0)
57 (147, 147, 0)
58 (140, 140, 0)
59 (138, 138, 0)
60 (144, 144, 0)
61 (148, 148, 0)
62 (111, 111, 0)
63 (157, 157, 0)
64 (134, 134, 0)
65 (135, 135, 0)
66 (139, 139, 0)
67 (132, 132, 0)
68 (144, 144, 0)
69 (144, 144, 0)
70 (131, 131, 0)
71 (134, 134, 0)
72 (141, 141, 0)
73 (148, 148, 0)
74 (145, 145, 0)
75 (131, 131, 0)
76 (140, 140, 0)
77 (130, 130, 0)
78 (145, 145, 0)
79 (134, 134, 0)
80 (135, 135, 0)
81 (127, 127, 0)
82 (143, 143, 0)
83 (154, 154, 0)
84 (136, 136, 0)
85 (150, 150, 0)
86 (130, 130, 0)
87 (121, 121, 0)
88 (145, 145, 0)
89 (140, 140, 0)
90 (139, 139, 0)
91 (141, 141, 0)
92 (146, 146, 0)
93 (127, 127, 0)
94 (125, 125, 0)
95 (138, 138, 0)
96 (159, 159, 0)
97 (128, 128, 0)
98 (139, 139, 0)
99 (143, 143, 0)
100 (57, 57, 0)
101 (145, 145, 0)
102 (120, 120, 0)
103 (125, 125, 0)
104 (141, 141, 0)
105 (138, 138, 0)
106 (144, 144, 0)
107 (130, 130, 0)
108 (133, 133, 0)
109 (111, 111, 0)
110 (128, 128, 0)
111 (134, 134, 0)
112 (123, 123, 0)
113 (131, 131, 0)
114 (137, 137, 0)
115 (137, 137, 0)
116 (137, 137, 0)
117 (147, 147, 0)
118 (131, 131, 0)
119 (125, 125, 0)
120 (134, 134, 0)
121 (134, 134, 0)
122 (127, 127, 0)
123 (122, 122, 0)
124 (143, 143, 0)
125 (144, 144, 0)
126 (147, 147, 0)
127 (158, 158, 0)
128 (126, 126, 0)
129 (139, 139, 0)
130 (153, 153, 0)
131 (131, 131, 0)
132 (153, 153, 0)
133 (107, 107, 0)
134 (135, 135, 0)
135 (162, 162, 0)
136 (142, 142, 0)
137 (134, 134, 0)
138 (132, 132, 0)
139 (133, 133, 0)
140 (125, 125, 0)
141 (3, 3, 0)
142 (134, 134, 0)
143 (144, 144, 0)
144 (133, 133, 0)
145 (138, 138, 0)
146 (140, 140, 0)
147 (125, 125, 0)
148 (128, 128, 0)
149 (153, 153, 0)
150 (153, 153, 0)
151 (131, 131, 0)
152 (145, 145, 0)
153 (148, 148, 0)
154 (141, 141, 0)
155 (142, 142, 0)
156 (138, 138, 0)
157 (146, 146, 0)
158 (141, 141, 0)
159 (145, 145, 0)
160 (124, 124, 0)
161 (126, 126, 0)
162 (131, 131, 0)
163 (143, 143, 0)
164 (133, 133, 0)
165 (145, 145, 0)
166 (128, 128, 0)
167 (123, 123, 0)
168 (139, 139, 0)
169 (131, 131, 0)
170 (140, 140, 0)
171 (127, 127, 0)
172 (151, 151, 0)
173 (136, 136, 0)
174 (139, 139, 0)
175 (143, 143, 0)
176 (140, 140, 0)
177 (116, 116, 0)
178 (112, 112, 0)
179 (137, 137, 0)
180 (152, 152, 0)
181 (144, 144, 0)
182 (135, 135, 0)
183 (139, 139, 0)
184 (118, 118, 0)
185 (139, 139, 0)
186 (140, 140, 0)
187 (132, 132, 0)
188 (168, 168, 0)
189 (136, 136, 0)
190 (144, 144, 0)
191 (133, 133, 0)
192 (142, 142, 0)
193 (115, 115, 0)
194 (147, 147, 0)
195 (140, 140, 0)
196 (135, 135, 0)
197 (143, 143, 0)
198 (154, 154, 0)
199 (140, 140, 0)
200 (115, 115, 0)
201 (147, 147, 0)
202 (130, 130, 0)
203 (130, 130, 0)
204 (114, 114, 0)
205 (152, 152, 0)
206 (127, 127, 0)
207 (151, 151, 0)
208 (134, 134, 0)
209 (127, 127, 0)
210 (140, 140, 0)
211 (144, 144, 0)
212 (123, 123, 0)
213 (148, 148, 0)
214 (127, 127, 0)
215 (137, 137, 0)
216 (130, 130, 0)
217 (140, 140, 0)
218 (151, 151, 0)
219 (151, 151, 0)
220 (142, 142, 0)
221 (139, 139, 0)
222 (155, 155, 0)
223 (127, 127, 0)
224 (100, 100, 0)
225 (125, 125, 0)
226 (136, 136, 0)
227 (142, 142, 0)
228 (138, 138, 0)
229 (140, 140, 0)
230 (151, 151, 0)
231 (144, 144, 0)
232 (150, 150, 0)
233 (122, 122, 0)
234 (108, 108, 0)
235 (116, 116, 0)
236 (142, 142, 0)
237 (140, 140, 0)
238 (133, 133, 0)
239 (126, 126, 0)
240 (151, 151, 0)
241 (158, 158, 0)
242 (136, 136, 0)
243 (137, 137, 0)
244 (139, 139, 0)
245 (129, 129, 0)
246 (123, 123, 0)
247 (145, 145, 0)
248 (124, 124, 0)
249 (145, 145, 0)
250 (130, 130, 0)
251 (143, 143, 0)
252 (134, 134, 0)
253 (107, 107, 0)
254 (134, 134, 0)
255 (151, 151, 0)
256 (133, 133, 0)
257 (126, 126, 0)
258 (123, 123, 0)
259 (132, 132, 0)
260 (151, 151, 0)
261 (157, 157, 0)
262 (138, 138, 0)
263 (132, 132, 0)
264 (129, 129, 0)
265 (136, 136, 0)
266 (146, 146, 0)
267 (139, 139, 0)
268 (140, 140, 0)
269 (125, 125, 0)
270 (131, 131, 0)
271 (120, 120, 0)
272 (142, 142, 0)
273 (139, 139, 0)
274 (142, 142, 0)
275 (148, 148, 0)
276 (77, 77, 0)
277 (134, 134, 0)
278 (148, 148, 0)
279 (123, 123, 0)
280 (130, 130, 0)
281 (148, 148, 0)
282 (137, 137, 0)
283 (3, 3, 0)
284 (154, 154, 0)
285 (137, 137, 0)
286 (125, 125, 0)
287 (148, 148, 0)
288 (135, 135, 0)
289 (147, 147, 0)
290 (144, 144, 0)
291 (135, 135, 0)
292 (149, 149, 0)
293 (138, 138, 0)
294 (129, 129, 0)
295 (133, 133, 0)
296 (145, 145, 0)
297 (131, 131, 0)
298 (143, 143, 0)
299 (128, 128, 0)
300 (129, 129, 0)
301 (139, 139, 0)
302 (149, 149, 0)
303 (134, 134, 0)
304 (144, 144, 0)
305 (144, 144, 0)
306 (128, 128, 0)
307 (126, 126, 0)
308 (137, 137, 0)
309 (143, 143, 0)
310 (140, 140, 0)
311 (126, 126, 0)
312 (132, 132, 0)
313 (112, 112, 0)
314 (128, 128, 0)
315 (139, 139, 0)
316 (128, 128, 0)
317 (145, 145, 0)
318 (138, 138, 0)
319 (37, 37, 0)
320 (121, 121, 0)
321 (138, 138, 0)
322 (129, 129, 0)
323 (130, 130, 0)
324 (121, 121, 0)
325 (134, 134, 0)
326 (135, 135, 0)
327 (133, 133, 0)
328 (144, 144, 0)
329 (144, 144, 0)
330 (141, 141, 0)
331 (135, 135, 0)
332 (150, 150, 0)
333 (141, 141, 0)
334 (135, 135, 0)
335 (138, 138, 0)
336 (143, 143, 0)
337 (139, 139, 0)
338 (119, 119, 0)
339 (126, 126, 0)
340 (135, 135, 0)
341 (135, 135, 0)
342 (154, 154, 0)
343 (146, 146, 0)
344 (145, 145, 0)
345 (134, 134, 0)
346 (140, 140, 0)
347 (145, 145, 0)
348 (138, 138, 0)
349 (134, 134, 0)
350 (156, 156, 0)
351 (152, 152, 0)
352 (126, 126, 0)
353 (136, 136, 0)
354 (144, 144, 0)
355 (141, 141, 0)
356 (152, 152, 0)
357 (150, 150, 0)
358 (134, 134, 0)
359 (145, 145, 0)
360 (145, 145, 0)
361 (151, 151, 0)
362 (111, 111, 0)
363 (116, 116, 0)
364 (155, 155, 0)
365 (117, 117, 0)
366 (140, 140, 0)
367 (132, 132, 0)
368 (131, 131, 0)
369 (141, 141, 0)
370 (155, 155, 0)
371 (133, 133, 0)
372 (150, 150, 0)
373 (57, 57, 0)
374 (141, 141, 0)
375 (147, 147, 0)
376 (161, 161, 0)
377 (150, 150, 0)
378 (146, 146, 0)
379 (131, 131, 0)
380 (145, 145, 0)
381 (138, 138, 0)
382 (121, 121, 0)
383 (121, 121, 0)
384 (146, 146, 0)
385 (139, 139, 0)
386 (154, 154, 0)
387 (137, 137, 0)
388 (113, 113, 0)
389 (143, 143, 0)
390 (56, 56, 0)
391 (135, 135, 0)
392 (113, 113, 0)
393 (139, 139, 0)
394 (146, 146, 0)
395 (151, 151, 0)
396 (127, 127, 0)
397 (112, 112, 0)
398 (149, 149, 0)
399 (145, 145, 0)
400 (153, 153, 0)
401 (136, 136, 0)
402 (149, 149, 0)
403 (143, 143, 0)
404 (127, 127, 0)
405 (136, 136, 0)
406 (145, 145, 0)
407 (135, 135, 0)
408 (114, 114, 0)
409 (139, 139, 0)
410 (135, 135, 0)
411 (134, 134, 0)
412 (147, 147, 0)
413 (131, 131, 0)
414 (147, 147, 0)
415 (145, 145, 0)
416 (148, 148, 0)
417 (136, 136, 0)
418 (142, 142, 0)
419 (146, 146, 0)
420 (126, 126, 0)
421 (133, 133, 0)
422 (140, 140, 0)
423 (141, 141, 0)
424 (142, 142, 0)
425 (151, 151, 0)
426 (138, 138, 0)
427 (148, 148, 0)
428 (151, 151, 0)
429 (135, 135, 0)
430 (137, 137, 0)
431 (119, 119, 0)
432 (138, 138, 0)
433 (149, 149, 0)
434 (128, 128, 0)
435 (141, 141, 0)
436 (119, 119, 0)
437 (140, 140, 0)
438 (137, 137, 0)
439 (143, 143, 0)
440 (153, 153, 0)
441 (131, 131, 0)
442 (130, 130, 0)
443 (124, 124, 0)
444 (131, 131, 0)
445 (119, 119, 0)
446 (142, 142, 0)
447 (138, 138, 0)
448 (125, 125, 0)
449 (146, 146, 0)
450 (112, 112, 0)
451 (137, 137, 0)
452 (137, 137, 0)
453 (134, 134, 0)
454 (136, 136, 0)
455 (149, 149, 0)
456 (145, 145, 0)
457 (118, 118, 0)
458 (127, 127, 0)
459 (51, 51, 0)
460 (115, 115, 0)
461 (148, 148, 0)
462 (130, 130, 0)
463 (153, 153, 0)
464 (132, 132, 0)
465 (121, 121, 0)
466 (127, 127, 0)
467 (129, 129, 0)
468 (129, 129, 0)
469 (136, 136, 0)
470 (126, 126, 0)
471 (127, 127, 0)
472 (129, 129, 0)
473 (144, 144, 0)
474 (119, 119, 0)
475 (146, 146, 0)
476 (142, 142, 0)
477 (158, 158, 0)
478 (140, 140, 0)
479 (150, 150, 0)
480 (144, 144, 0)
481 (135, 135, 0)
482 (137, 137, 0)
483 (136, 136, 0)
484 (136, 136, 0)
485 (139, 139, 0)
486 (139, 139, 0)
487 (142, 142, 0)
488 (131, 131, 0)
489 (150, 150, 0)
490 (136, 136, 0)
491 (133, 133, 0)
492 (134, 134, 0)
493 (108, 108, 0)
494 (143, 143, 0)
495 (151, 151, 0)
496 (129, 129, 0)
497 (134, 134, 0)
498 (127, 127, 0)
499 (131, 131, 0)
500 (149, 149, 0)
501 (141, 141, 0)
502 (148, 148, 0)
503 (135, 135, 0)
504 (154, 154, 0)
505 (129, 129, 0)
506 (136, 136, 0)
507 (128, 128, 0)
508 (161, 161, 0)
509 (116, 116, 0)
510 (133, 133, 0)
511 (129, 129, 0)
512 (129, 129, 0)
